0.5321068746842048
0.7166317103908237
0.7171845471678899
0.7226539582025961
0.724014301233061
0.7259496014492199
0.7259499497516149
0.7265092689578496
0.7266564308526027
0.727814893026506
0.7284691813556416
0.7297554411507632
0.7313420973676948
0.7313421776026573
0.7318695714170711
0.7326528936699109
0.7330713704466544
0.7336975474662096
0.7340187697774969
0.7340207281946456
0.7342419991196412
0.7342862654467696
0.7356697848378244
0.7357608462472762
0.7357646483584034
0.7357646490709696
0.7359450746995203
0.7360387822950889
0.736538624449474
0.7366718258882914
0.737040606012842
0.7378174888042595
0.7381974733209098
0.7385470140135368
0.7392649922288499
0.7398604334147225
0.742034291271182
0.7420859048691666
0.7423206098061343
0.7425222919992185
0.742789228446479
0.7428420494167587
0.7428595272423386
0.7433036735065532
0.7438695822406678
0.7439008815717602
0.7439084467453827
0.7439135874835132
0.743954908061663
0.7439604999967584
0.7442659430979508
0.7443192719854712
0.7450471914979057
0.74535186189223
0.7453869094644392
0.7454206442045445
0.7454275888754552
0.7454843138538395
0.7457418025273803
0.7458400411893747
0.7459097281758311
0.7465889788416671
0.7467430452185932
0.7478673461102194
0.7479383836947926
0.7485307973290782
0.7485649758554592
0.7486118571583017
0.748618189877296
0.7493138599227678
0.749776077010216
0.7500385401089186
0.7500678918538696
0.7503336448710614
0.7523857949827109
0.7532261152693315
0.7540934979679763
0.7542473904787315
0.7542495193417329
0.7544811913116103
0.7547979754751137
0.7568841362325298
0.7568961510975101
0.7569057556358101
0.7569752094705817
0.7573291335859027
0.7584648054676235
0.7585392305922654
0.7585674932509224
0.7586884013538593
0.7587254727568012
0.7587270241560942
0.7610113704013722
0.7610170972965201
0.7613399163263151
0.7613542540148368
0.7613769267335841
0.7617099708043912
0.7617764381313931
0.7619805426222707
0.7619930236481076
0.7620107926282672
0.7620269028966532
0.7623621242849684
0.762416893696469
0.7626139017398194
0.7630698790269154
0.7630777749738026
0.7630950748003271
0.7631878194338324
0.7633265270147653
0.7633476340828943
0.7635620999999688
0.7643083065282444
0.7643611504431583
0.7643710707908312
0.7645292821657758
0.7647695808905115
0.7647791007759382
0.7647881801528942
0.7647949384164676
0.7649615476699831
0.7649644994045184
0.7656794862666112
0.7657323488507615
0.7657942285335751
0.766164566470515
0.7661688746462104
0.7663336286621738
0.7665500299092497
0.7666343370454991
0.7666412093196764
0.7666891512061618
0.7666923489185751
0.7668002025223373
0.7669371570477218
0.7669539441115554
0.7669674299983524
0.7670247646484412
0.7670276834624147
0.7670323435033364
0.7672804518119267
0.7673176124281662
0.7673291287817808
0.7675161457908837
0.7675249606632384
0.7675306187244841
0.7679660148173616
0.7679670336446209
0.7681426619919854
0.7681450217264599
0.7683747606465479
0.768379321355731
0.7688416678452145
0.7688662341375795
0.768869208389209
0.7688693658663557
0.7688980426685316
0.768902897667586
0.7689030655482002
0.7689046283485533
0.7689460703479963
0.7689697492103231
0.7690253410658178
0.7690658647098462
0.7691088219102152
0.7691286755742672
0.7691422684885189
0.7692325075964898
0.7697804921535101
0.7698385423626517
0.769891714200565
0.7699637785931397
0.7699644629417897
0.7699870165194558
0.77000741757692
0.7700147216662597
0.7701487885880737
0.7702270471767589
0.7702270486018914
0.7702413369808269
0.7702726967375393
0.7702815540788441
0.7703815621854113
0.7703912697607949
0.7713209481384445
0.7714741048532645
0.7714796766939911
0.771705102165393
0.7717118125445129
0.7717146703628134
0.771793608027158
0.7718235995141103
0.7718556594384439
0.7718567215897325
0.7721088008876574
0.7721161250713661
0.7722401297023052
0.7723017646898602
0.7723168076764804
0.7723220421883324
0.7723407675749459
0.77235689922032
0.7723829727328687
0.7723986131350532
0.772407744386834
0.7724119952722008
0.7724280013633975
0.7724617654612334
0.7724617656037464
0.7724619934824409
0.7724831149444088
0.7726952138588328
0.7728833725416203
0.7728970294443235
0.7729172053308451
0.7729299966080377
0.7729430057879972
0.7729446300115632
0.7729524152256515
0.7729605353458888
0.7731469408306147
0.7731786423341125
0.7731820905848278
0.7732533583283074
0.7733726138475405
0.7734213405545207
0.7734480535240441
0.7734579476492781
0.7734783502743882
0.7735353738180415
0.7735401646861312
0.7735433249175584
0.7735469010026634
0.7736094462223775
0.7736321186560983
0.7736329526436658
0.7736339402605222
0.7737097302346063
0.7737559340294349
0.7738765579609416
0.7739423683018385
0.7739441408817027
0.7739832061875939
0.7741312620679948
0.774143289759168
0.7741514168625545
0.7741564286261895
0.7741564381745775
0.7741887643136713
0.7742177251447641
0.7742297053790234
0.7742875889901699
0.7743649688421255
0.775071632075053
0.7750816615878793
0.7750859605002131
0.7750922648590697
0.7752357812647626
0.7752905636449694
0.7753370084297121
0.7753403777280843
0.7753430804919633
0.7753448506491024
0.7753505661431899
0.7753582883664194
0.7754117244239073
0.7754128612521416
0.7754137811752019
0.7754190038584539
0.7754445674585766
0.7754516090385007
0.7754545660460265
0.7754545660460266
0.7754770721667787
0.7754779920898391
0.7755031436841419
0.7755048753627021
0.7755148803632484
0.7755165340870583
0.7756096387090454
0.775698094121118
0.7756993708973685
0.7757094193644578
0.7758424915437526
0.7759010917115448
0.7759071121839978
0.7759166587194031
0.7759286486445637
0.7760511075767402
0.7762397810174045
0.7762420194730993
0.776257356892104
0.7762582438946023
0.7763228719455367
0.7763942377381359
0.7764403735541419
0.7764427267330067
0.7764672906026464
0.7764719436604185
0.7765301557646176
0.7765423774163306
0.7765437302946593
0.7765820727733217
0.7765973271070986
0.7766099449456603
0.7766227235391735
0.7766405499521748
0.7766444161942668
0.7767082598522462
0.7767931944743568
0.7767950579776778
0.7768043050927347
0.7768126404079867
0.7768301987535557
0.7769166844899325
0.776981257245724
0.7770039675879704
0.7770071702883476
0.7770373761152352
0.7770420716419573
0.7770623495679694
0.7770660681663292
0.7770850252794949
0.7770850975337151
0.7771509135751422
0.7771526605026208
0.7771644125731588
0.7771738339819265
0.777174896560755
0.7771910007010712
0.7771981598544305
0.7772079368337691
0.7772133730018769
0.7772535278216017
0.7772542864196574
0.7772568626317662
0.7772785347649509
0.7773024130033211
0.777575270163756
0.7775939291391926
0.7776012417793277
0.7776134725518888
0.7776706542852552
0.777670729104714
0.7776713858057924
0.777745095656408
0.7777479996490029
0.7777486502220115
0.7777661906109105
0.7778027961380222
0.7778691715439745
0.7778710870646337
0.7778731221539135
0.7778763401032089
0.7778777036700318
0.7778827980913544
0.7778828982781726
0.7778835256215206
0.7779187336636548
0.7779223047607959
0.7779347129623596
0.7779400763061941
0.7779446864674767
0.7780201616297806
0.778213910252478
0.7782193042366625
0.7782867095859082
0.7782869413124606
0.7783204979109972
0.7783573669451173
0.7783587594421307
0.7783609180904024
0.7783643478143947
0.7784032522228211
0.7784243423318729
0.7784465208146522
0.7784669622033675
0.7784687803874734
0.7784858244027053
0.7785132707454384
0.7785338688987342
0.7785479681625804
0.7786145205699955
0.7786173000060057
0.7786234068414911
0.7786255629245243
0.7786298797935283
0.7786526770688602
0.7786539454368288
0.7786773015066333
0.7786980334798753
0.7786990021424689
0.7787202699655494
0.7787493817181792
0.7787510095045765
0.7787562891931306
0.7787751783274737
0.7787753044517042
0.7787762414763552
0.7787781749536842
0.7787805998167161
0.7787974768064135
0.778800170876984
0.7788157763634211
0.7788186928971824
0.7788766852459424
0.7788766889512871
0.7789496885158403
0.7789505356146275
0.77895587216597
0.7789806325613884
0.7790892600121245
0.7790894092235023
0.7790923465641989
0.7790936043861866
0.779105979382162
0.7791114903697285
0.7791211024612313
0.7791364497136505
0.7791494494877352
0.7791533418097528
0.7791533423798058
0.7791776507231795
0.7791776971825005
0.7791841634364148
0.7791853606902691
0.7791885118008481
0.7791889021446532
0.7791937715375463
0.7792025145832208
0.7792157681734122
0.7792161950006108
0.779262759781514
0.7792840347302574
0.7792879398784679
0.7793222899908077
0.7793264278631635
0.7793526135336437
0.7793848753992597
0.7793901895760214
0.7793901897185347
0.779406887284044
0.7794086778205784
0.7794096058668942
0.7794125537535718
0.779423982176508
0.7794417322024046
0.7794499272846139
0.7794525510961499
0.7794551666419169
0.7794634438117608
0.7794671112478623
0.7794671113903756
0.7794705127542301
0.7794978714513116
0.7795164640155711
0.7795439425662999
0.7795487089221096
0.7795487093496494
0.7796798580275429
0.779679858027543
0.7796808928162867
0.7797056433782903
0.7797096041066702
0.7797120075927141
0.7797480942290647
0.7797480943715779
0.7797636040891078
0.7797677121761932
0.7798209900439682
0.779826238237093
0.7798372777413567
0.7798542534927395
0.7798640918952909
0.7798663292108795
0.7798728959366384
0.7798735606184594
0.779873566033963
0.7798944390953274
0.7798970019111902
0.7798989550553483
0.7799149682722077
0.7799198331046768
0.7799223149730108
0.7799249892342388
0.7799261186517839
0.7799415516971825
0.7799425850607937
0.7799440012150075
0.7799515497145795
0.7799588690528374
0.7799612575749894
0.7799735457803925
0.7799801921710608
0.7799843270506382
0.7799846873241466
0.7799987607930936
0.7800090841682515
0.7800155898983373
0.7800896393580393
0.7800961857044028
0.7800961858469159
0.7800965756206681
0.7801042312902077
0.780118742132334
0.7801244426625297
0.7801328493769225
0.7801352540030724
0.7801358921774277
0.7801413882011026
0.7801556801428693
0.7801684242481748
0.7801705972902854
0.7801710016003895
0.7801833989709458
0.780190691089172
0.780198552120312
0.7802024889064649
0.780202489476518
0.7802208696960279
0.7802332797502638
0.780246952899478
0.7802471521330083
0.7802520498860391
0.7802710506082609
0.7802710518908802
0.7802784044347265
0.780279873461358
0.7802800129818346
0.7802813543165894
0.7802815764947539
0.7802837226018593
0.7802837228868859
0.780287368945999
0.7802890323607101
0.7802905752092075
0.7803937653517301
0.7803963884506996
0.7804340095272656
0.7804361733060146
0.780437772589761
0.7804679650204026
0.7804868704012567
0.7805188446751243
0.7805259642097989
0.7805275653462177
0.7805365254395791
0.7805558844401236
0.7805728966748999
0.7805850028908764
0.7806030259721696
0.7806520305799965
0.7806657322318618
0.7807007589971356
0.780700761989914
0.7807115523810082
0.780737107715362
0.7807376840389648
0.7807576233534833
0.7807603628857821
0.7807609611564261
0.7807609612989393
0.7807653405887488
0.7807690302569181
0.7807690306844578
0.7807737483007344
0.7807771391186081
0.780781789753655
0.7807886141433787
0.7807976514789244
0.7808058250416322
0.7808093364257196
0.7808133664155412
0.7808137235537581
0.7808479750469256
0.780852181040617
0.7808587064375321
0.7808587068650719
0.7808590584452717
0.7808631230658145
0.7808643575156283
0.7808643586557344
0.7808645008839628
0.7808663574041342
0.7808692310414058
0.7808693298030915
0.7808759132029012
0.780891622438988
0.7809163352349789
0.7809210521386893
0.7809215268503413
0.7809304072787935
0.780940525292351
0.7809775606394395
0.7809819436345937
0.7809886930623454
0.7809963524372294
0.7810336742359602
0.781061152786689
0.7810833667552688
0.7810833851394786
0.7810834117894573
0.7810835937788838
